0.8312 0.0000 0.0000 0.0000 0.0000 0.0000 0.0000 0.0000 0.0000 0.0000 0.0000
0.6739 0.8030 0.0000 0.0000 0.0000 0.0000 0.0000 0.0000 0.0000 0.0000 0.0000
0.5567 0.6130 0.8490 0.0000 0.0000 0.0000 0.0000 0.0000 0.0000 0.0000 0.0000
0.4976 0.5490 0.6980 0.8300 0.0000 0.0000 0.0000 0.0000 0.0000 0.0000 0.0000
0.4085 0.4400 0.5200 0.6580 0.8460 0.0000 0.0000 0.0000 0.0000 0.0000 0.0000
0.4424 0.3600 0.4600 0.6060 0.7620 0.7610 0.0000 0.0000 0.0000 0.0000 0.0000
0.3450 0.3710 0.3510 0.4950 0.6360 0.6340 0.7970 0.0000 0.0000 0.0000 0.0000
0.3308 0.3520 0.3420 0.4410 0.5750 0.5250 0.6590 0.8130 0.0000 0.0000 0.0000
0.2376 0.3030 0.2890 0.3800 0.4810 0.5360 0.5690 0.6370 0.8200 0.0000 0.0000
0.0000 0.0000 0.0000 0.0000 0.0000 0.0000 0.0000 0.0000 0.0000 0.0000 0.0000
0.0000 0.0000 0.0000 0.0000 0.0000 0.0000 0.0000 0.0000 0.0000 0.0000 0.0000
